Testing Von Neuman generator for 50 tests
Seed is: 4100
4100
8100
6100
2100
4100
8100
6100
2100
4100
8100
6100
2100
4100
8100
6100
2100
4100
8100
6100
2100
4100
8100
6100
2100
4100
8100
6100
2100
4100
8100
6100
2100
4100
8100
6100
2100
4100
8100
6100
2100
4100
8100
6100
2100
4100
8100
6100
2100
4100
8100
------------------------------------------------

Testing Von Neuman generator for 50 tests
Seed is: 1301
1301
6926
9694
9736
7896
3468
270
729
5314
2385
6882
3619
971
9428
8871
6946
2469
959
9196
5664
808
6528
6147
7856
7167
3658
3809
5084
8470
7409
8932
7806
9336
1608
5856
2927
5673
1829
3452
9163
9605
2560
5536
6472
8867
6236
8876
7833
3558
6593
------------------------------------------------

Testing Von Neuman generator for 50 tests
Seed is: 1234
1234
5227
3215
3362
3030
1809
2724
4201
6484
422
1780
1684
8358
8561
2907
4506
3040
2416
8370
569
3237
4781
8579
5992
9040
7216
706
4984
8402
5936
2360
5696
4444
7491
1150
3225
4006
480
2304
3084
5110
1121
2566
5843
1406
9768
4138
1230
5129
3066
------------------------------------------------

Testing Von Neuman generator for 50 tests
Seed is: 100
100
100
100
100
100
100
100
100
100
100
100
100
100
100
100
100
100
100
100
100
100
100
100
100
100
100
100
100
100
100
100
100
100
100
100
100
100
100
100
100
100
100
100
100
100
100
100
100
100
100
------------------------------------------------

Testing Von Neuman generator for 50 tests
Seed is: 3141
3141
8658
9609
3328
755
5700
4900
100
100
100
100
100
100
100
100
100
100
100
100
100
100
100
100
100
100
100
100
100
100
100
100
100
100
100
100
100
100
100
100
100
100
100
100
100
100
100
100
100
100
100
------------------------------------------------

